
github.com/AlDanial/cloc v 1.81  T=230.83 s (37.4 files/s, 4344.8 lines/s)
--------------------------------------------------------------------------------
Language                      files          blank        comment           code
--------------------------------------------------------------------------------
JavaScript                     5712          97686         122121         440200
JSON                            673             39              0          86707
Java                            667          11918          15256          58175
Markdown                        602          21518              2          54378
Objective C                     180           5447           3280          26221
C/C++ Header                    347           4255           6364          11370
C++                              90           1911           1016           8546
HTML                             26            774             26           3507
XML                              50            271             22           3155
Objective C++                     8            437            235           2423
C                                 3            384            358           2407
TypeScript                        6            567           1839           1644
CSS                              14            213            164           1374
Bourne Shell                     30            222            136           1067
JSX                               8             76             15            819
YAML                             76             45             28            752
make                             37            215             47            615
Gradle                           13            104            222            464
Bourne Again Shell                3             43             48            253
JSON5                            58              6             29            239
DOS Batch                        25             25              2            235
Assembly                          4             76            250            207
OCaml                             1             23              0            133
Maven                             1              0              0            110
ProGuard                          5             20             45             51
Handlebars                        2              8              0             42
Python                            2              5              2             27
Lisp                              1              0              0              6
--------------------------------------------------------------------------------
SUM:                           8644         146288         151507         705127
--------------------------------------------------------------------------------
