
github.com/AlDanial/cloc v 1.81  T=508.88 s (24.6 files/s, 2904.2 lines/s)
---------------------------------------------------------------------------------------
Language                             files          blank        comment           code
---------------------------------------------------------------------------------------
JavaScript                            8245         118344         158261         674415
JSON                                   972            100              0         191608
Markdown                               789          29001              2          70913
Java                                   694          12902          24371          65577
Objective C                            191           5594           3385          26613
XML                                    635           1720           2917          23427
C/C++ Header                           400           4959           8408          12981
C++                                     90           1869            999           8445
Objective C++                           19            881            530           4447
HTML                                    26            778             26           3555
D                                      171              0              0           2949
C                                        4            427            342           2827
TypeScript                              11            652           2235           1973
CSS                                     15            227            170           1566
YAML                                    90             56             36            975
Bourne Shell                            14            192            140            834
JSX                                      8             76             15            819
make                                    38            218             44            630
Gradle                                  17            138            385            615
Windows Module Definition                5             83              0            411
JSON5                                   58              6             29            239
Assembly                                 4             76            250            207
Bourne Again Shell                       3             26             28            151
OCaml                                    1             23              0            133
CoffeeScript                             5             34              0            128
Maven                                    1              0              0            110
DOS Batch                                3             25              2             81
ProGuard                                 5             31             53             78
Handlebars                               2              8              0             42
Python                                   2              5              2             27
IDL                                      1              1              0             11
Lisp                                     1              0              0              6
---------------------------------------------------------------------------------------
SUM:                                 12520         178452         202630        1096793
---------------------------------------------------------------------------------------
