
github.com/AlDanial/cloc v 1.81  T=373.56 s (31.8 files/s, 3418.2 lines/s)
---------------------------------------------------------------------------------
Language                       files          blank        comment           code
---------------------------------------------------------------------------------
Java                            7581         126124         183476         700652
XML                             3283           5918          12598         139801
Kotlin                           486           6685           9794          32493
Gradle                           347            936           1538           5791
HTML                              42          12939          22828           4161
JSON                               5              4              0           2019
Markdown                          19            521              0           1634
SVG                               16              2              2           1467
C++                                5            124            128           1078
C                                 15            214            278           1071
C/C++ Header                      10             84            163            398
Maven                             14             70              0            375
Bourne Again Shell                 2             39             41            244
DOS Batch                          2             48              4            128
Rust                               1             21              7            118
Forth                             16             21              0            112
CMake                              6             38             46             63
Bourne Shell                       3             11             14             48
Ant                                1              4             15             40
make                               8             16             14             38
GLSL                               2              0             26             14
XSD                                2              2              0             13
YAML                               1              0              0              7
Freemarker Template                1              2              0              7
IDL                                4              1              0              4
ProGuard                          20             49            309              2
INI                                1              0              0              1
---------------------------------------------------------------------------------
SUM:                           11893         153873         231281         891779
---------------------------------------------------------------------------------
