
github.com/AlDanial/cloc v 1.81  T=108.88 s (38.1 files/s, 10745.6 lines/s)
-----------------------------------------------------------------------------------
Language                         files          blank        comment           code
-----------------------------------------------------------------------------------
Java                              2319          59032          70861         275939
C++                                312          52306          14886         220293
C/C++ Header                       714          29659          48572          99871
C                                  215          29480          20615          89679
MSBuild script                      17              0              0          41148
Bourne Shell                        13           3954           4357          23674
HTML                                53           3198              0          17987
m4                                   7           1111             83           9353
XML                                 91            928            815           9156
SWIG                                59            787            330           4315
GLSL                                64            799            165           3862
Maven                               27            191             15           2432
CSS                                  3             90             38           2319
make                               105           1532           2795           2244
diff                                 1             49            349           2161
Python                              11            673           5526           1832
Objective C++                        7            331            246           1233
CMake                               13            191            231           1218
Pascal                               3             11              0           1160
Gradle                              37            205            471            956
Jam                                 27            169            379            573
Ant                                  8             78             33            514
Perl                                 1            142             64            342
JSON                                 5              0              0            256
Windows Resource File                4             85            106            208
Markdown                             4             87              0            204
JavaScript                           3              4             21            172
awk                                  1             38              0            143
Bourne Again Shell                   1             20             21            128
DOS Batch                            2             46              4            118
Lua                                  8             16              0             95
SVG                                  1              1              1             63
ProGuard                             1              7             18             20
TypeScript                           5              0              0             20
YAML                                 1              3              0             14
sed                                  1              1              0              4
-----------------------------------------------------------------------------------
SUM:                              4144         185224         171002         813706
-----------------------------------------------------------------------------------
