
github.com/AlDanial/cloc v 1.81  T=140.12 s (25.7 files/s, 6213.3 lines/s)
---------------------------------------------------------------------------------------
Language                             files          blank        comment           code
---------------------------------------------------------------------------------------
Java                                  1279          32462         148392         148560
C++                                    426          20493          19858         136383
C                                      362          18603          24501          93299
C/C++ Header                           827          18121          42890          73237
HTML                                    34           8345             25           8578
Assembly                               125           1944           4162           7441
MSBuild script                          10              1              0           5752
CMake                                   46            758            699           5412
make                                    78           1069           1458           4813
Pascal                                  16            790           5552           3355
Python                                  20            862           1869           3212
Markdown                                41           1120              0           2649
XML                                    157            431           1016           2294
Bourne Shell                            31            244            306           2145
JSON                                     8              0              0           2008
Gradle                                  44            443            727           1956
Ada                                     10            599            560           1681
C#                                       9            230            506            879
CSS                                      5              2             64            838
awk                                      3             93            396            785
Bourne Again Shell                      11            121            185            776
SVG                                      9             31            143            695
Expect                                   6             12             24            632
JavaScript                               9             97             70            511
Windows Module Definition                4             16             21            495
DOS Batch                               10            100             28            320
m4                                       2             45             22            289
Windows Resource File                    4             45             45            246
Objective C++                            1             31             32            177
Perl                                     1             33             14            105
ProGuard                                 4             16             63             54
Kotlin                                   2             10             35             38
SAS                                      1             14             22             32
NAnt script                              1              7              0             26
YAML                                     3              6             26             16
---------------------------------------------------------------------------------------
SUM:                                  3599         107194         253711         509689
---------------------------------------------------------------------------------------
